0.898089280871321
0.712013644466257
0.612968768066654
0.185266070871917
0.138301582865648
0.188938670332442
0.258733268730975
0.404762083438163
0.773694852784616
0.768453123613023
0.87336216459304
0.635613108710544
0.256513487816701
0.876429292927932
0.930798566665625
0.116915350965624
0.929859652036927
0.966471226188621
0.793221947401206
0.509892974218296
0.246226828015224
0.675737342630337
0.538646874257559
0.726366651353096
0.67001257971167
0.28307409694721
0.477366579115074
0.714991295924023
0.376227027376915
0.376820426578243
0.558298056945915
0.093905157642831
0.572844300628324
0.572075552878391
0.974913560380191
0.328518257661344
0.474251550007369
0.955426650472107
0.574915598576455
0.363815372059514
0.543361223497408
0.836781917902831
0.673614332868476
0.935710322122738
0.782111090076219
0.88142987554445
0.373773187316715
0.511223615692112
0.40119707200746
0.663983547186374
0.112671338814082
0.122583905997542
0.486925509450905
0.963531426732768
0.457792613569889
0.015142145299706
0.664115476458633
0.444347988384303
0.024217809206173
0.453144239398602
0.488254470953763
0.931158062403692
0.08707875624911
0.157509072168462
0.118926512621312
0.352979801290089
0.853504259880654
0.211791370591453
0.601384591692045
0.199215919638653
0.695801716304184
0.113200489867697
0.030548792800135
0.29867363228055
0.650255869283445
0.380343187373074
0.852280180313416
0.815373142819905
0.62328532855371
0.842668769127774
0.552374496787119
0.497206831171742
0.843835891602556
0.848660717014034
0.840543715304907
0.037278129445895
0.261835748514985
0.148447679049912
0.761830379176714
0.111353326658033
0.057844960696914
0.210709757989529
0.125714852369335
0.996484892959332
0.269907276420622
0.964077828795785
0.882319460226213
0.467648650012865
0.872437295708889
0.102947365221266
