0.860240304285905
0.886964540078206
0.765615717805962
0.736320906783667
0.250803902419688
0.049532519020505
0.523868250315224
0.406919193617556
0.119191581616013
0.184152354576628
0.899819807793523
0.326440565356891
0.268076523496771
0.777876928245614
0.575023379686262
0.507732653268095
0.547025885294877
0.130356033603414
0.143366742043295
0.321036149781642
0.503922108302531
0.531383320346855
0.711335422512541
0.109728281879992
0.296473058079101
0.135099077717717
0.575001536664006
0.253978916262597
0.903113228014273
0.808344261006255
0.338983995765707
0.528593977296138
0.557713320905463
0.803508373146237
0.120612413154039
0.759432057800491
0.088059765883829
0.69249201359114
0.247346756557122
0.275724878938484
0.195625051017392
0.214157034654078
0.624061539660261
0.168850375989643
0.581185915118621
0.652864154698068
0.085027845431408
0.617340995492557
0.875683131071082
0.78184374232556
0.344135157447787
0.755333201155941
0.220889919329431
0.660035788459737
0.312714205773634
0.313894588994303
0.848720468083824
0.577381181454373
0.652362118196405
0.187730296425618
0.605376320329337
0.763021468240309
0.763915214191781
0.280272385900117
0.827053672238497
0.031587737362809
0.355817525329982
0.585120961788455
0.384562348740908
0.023236771724019
0.92211381147424
0.077307326107089
0.514731344949041
0.114940395114054
0.281699226469143
0.484105949179887
0.439123268231749
0.955096932177637
0.652231268246244
0.981368168216708
0.435379485645004
0.284575571160379
0.672553303545631
0.455089663916699
0.537958248183097
0.055418029087447
0.269421829465013
0.927247523352317
0.866260644200747
0.691300811630016
0.72604079455202
0.247845070168128
0.692990859974049
0.722553104681277
0.635315209157968
0.379848628445098
0.686261021708372
0.526416769724951
0.562710495823113
0.973942696300054
